p_2 <- 1/6
p_odd <- 3/6
p_2_or_4 <- 2/6
