p_m <- 515/2000
p_m_given_l <- 32/90
p_m_and_l <- 32/2000

p_l <- 90/2000
p_m_or_l <- p_m + p_l - p_m_and_l
