p_2 <- 1/6
p_odd <- 3/6
p_2_or_4 <- 2/6

p_3 <- 1/4
p_6 <- 0/4
p_odd <- 2/4
p_even <- 2/4
