p_5 <- 1 / 6
p_lottery <- 1 / 350000

p_heart <- 13 / 52
p_2_or_3 <- 8 / 52
