p_5 <- 1 / 6
p_lottery <- 1 / 350000
