p_6_6 <- 1/6 * 1/6
p_3_2 <- 1/6 * 1/6
p_even_even <- 3/6 * 3/6
p_1_even <- 1/6 * 3/6
