p_6_6 <- 1/6 * 1/6
p_3_2 <- 1/6 * 1/6
p_even_even <- 3/6 * 3/6
p_1_even <- 1/6 * 3/6

sql_and_ml <- 0.2 * 0.3
ml_or_viz <- 0.3 + 0.4 - (0.3 * 0.4)
at_least_one_skill <- 0.2 + 0.3 + 0.4 - (0.2 * 0.3) - (0.2 * 0.4) - (0.3 * 0.4) + (0.2 * 0.3 * 0.4)

sql_and_ml_me <- 0
ml_or_viz_me <- 0.3 + 0.4
at_least_one_skill_me <- 0.2 + 0.3 + 0.4

p_complement_even <- 1/2
p_complement_ace <- 48/52

p_one_double_6 <- 1 - (35/36)**24
